halo 3 	4.0 	1230249600
halo 3 	5.0 	1230076800
halo 3 	4.0 	1229990400
halo 3 	5.0 	1229644800
halo 3 	4.0 	1222214400
halo 3 	5.0 	1221523200
halo 3 	5.0 	1219536000
halo 3 	5.0 	1199923200
halo 3 	5.0 	1199664000
halo 3 	4.0 	1250899200
halo 3 	4.0 	1251072000
halo 3 	4.0 	1252627200
halo 3 	4.0 	1252800000
halo 3 	4.0 	1252972800
halo 3 	5.0 	1246233600
halo 3 	4.0 	1315353600
halo 3 	5.0 	1315180800
halo 3 	5.0 	1313625600
halo 3 	5.0 	1310947200
halo 3 	5.0 	1308614400
halo 3 	5.0 	1308441600
halo 3 	5.0 	1306886400
halo 3 	3.0 	1306627200
halo 3 	5.0 	1305763200
halo 3 	5.0 	1305504000
halo 3 	2.0 	1190678400
halo 3 	1.0 	1190592000
halo 3 	5.0 	1253577600
halo 3 	5.0 	1254096000
halo 3 	5.0 	1255478400
halo 3 	5.0 	1257033600
halo 3 	4.0 	1195171200
halo 3 	2.0 	1195257600
halo 3 	5.0 	1195344000
halo 3 	4.0 	1195430400
halo 3 	5.0 	1195862400
halo 3 	5.0 	1195948800
halo 3 	2.0 	1195948800
halo 3 	2.0 	1196208000
halo 3 	3.0 	1197158400
halo 3 	5.0 	1197244800
halo 3 	4.0 	1214438400
halo 3 	4.0 	1214438400
halo 3 	5.0 	1215993600
halo 3 	4.0 	1216857600
halo 3 	5.0 	1217116800
halo 3 	5.0 	1217289600
halo 3 	5.0 	1218067200
halo 3 	5.0 	1218153600
halo 3 	4.0 	1219363200
halo 3 	5.0 	1219536000
halo 3 	5.0 	1251072000
halo 3 	5.0 	1251244800
halo 3 	5.0 	1251676800
halo 3 	5.0 	1251849600
halo 3 	4.0 	1253232000
halo 3 	3.0 	1261180800
halo 3 	5.0 	1262995200
halo 3 	2.0 	1267660800
halo 3 	1.0 	1190678400
halo 3 	1.0 	1190678400
halo 3 	5.0 	1190851200
halo 3 	1.0 	1344556800
halo 3 	2.0 	1190764800
halo 3 	3.0 	1190678400
halo 3 	1.0 	1334534400
halo 3 	1.0 	1190678400
halo 3 	1.0 	1190764800
halo 3 	1.0 	1195171200
halo 3 	1.0 	1193270400
halo 3 	1.0 	1190678400
halo 3 	4.0 	1250812800
halo 3 	3.0 	1268265600
halo 3 	5.0 	1199145600
halo 3 	5.0 	1199059200
halo 3 	4.0 	1249948800
halo 3 	4.0 	1248912000
halo 3 	4.0 	1247443200
halo 3 	5.0 	1198886400
halo 3 	4.0 	1269734400
halo 3 	3.0 	1191024000
halo 3 	5.0 	1191024000
halo 3 	4.0 	1192579200
halo 3 	5.0 	1192665600
halo 3 	5.0 	1192665600
halo 3 	3.0 	1193616000
halo 3 	5.0 	1193788800
halo 3 	3.0 	1193961600
halo 3 	5.0 	1196467200
halo 3 	5.0 	1196812800
halo 3 	1.0 	1201910400
halo 3 	1.0 	1191456000
halo 3 	1.0 	1219536000
halo 3 	1.0 	1196553600
halo 3 	5.0 	1198540800
halo 3 	1.0 	1262131200
halo 3 	1.0 	1195776000
halo 3 	1.0 	1206489600
halo 3 	4.0 	1197763200
halo 3 	5.0 	1197331200
halo 3 	3.0 	1197244800
halo 3 	5.0 	1196899200
halo 3 	1.0 	1215043200
halo 3 	1.0 	1191024000
halo 3 	3.0 	1190592000
halo 3 	1.0 	1200268800
halo 3 	1.0 	1250640000
halo 3 	1.0 	1222473600
halo 3 	1.0 	1194220800
halo 3 	1.0 	1236038400
halo 3 	1.0 	1191283200
halo 3 	1.0 	1242432000
halo 3 	3.0 	1191283200
halo 3 	5.0 	1249257600
halo 3 	5.0 	1208304000
halo 3 	5.0 	1191369600
halo 3 	5.0 	1191024000
halo 3 	2.0 	1192147200
halo 3 	3.0 	1191715200
halo 3 	4.0 	1190764800
halo 3 	5.0 	1190764800
halo 3 	5.0 	1190764800
halo 3 	3.0 	1192838400
halo 3 	5.0 	1208476800
halo 3 	5.0 	1190678400
halo 3 	3.0 	1236384000
halo 3 	5.0 	1222732800
halo 3 	5.0 	1219104000
halo 3 	3.0 	1192233600
halo 3 	5.0 	1191196800
halo 3 	5.0 	1190851200
halo 3 	3.0 	1190851200
halo 3 	5.0 	1300665600
halo 3 	2.0 	1295395200
halo 3 	5.0 	1265068800
halo 3 	5.0 	1260489600
halo 3 	4.0 	1260316800
halo 3 	5.0 	1251331200
halo 3 	4.0 	1248739200
halo 3 	5.0 	1246492800
halo 3 	4.0 	1231027200
halo 3 	5.0 	1228262400
halo 3 	5.0 	1359072000
halo 3 	5.0 	1358899200
halo 3 	5.0 	1358899200
halo 3 	5.0 	1358640000
halo 3 	5.0 	1358553600
halo 3 	5.0 	1358553600
halo 3 	5.0 	1358380800
halo 3 	5.0 	1358121600
halo 3 	1.0 	1223164800
halo 3 	3.0 	1357862400
halo 3 	5.0 	1357862400
halo 3 	3.0 	1191024000
halo 3 	5.0 	1190764800
halo 3 	5.0 	1190678400
halo 3 	2.0 	1191369600
halo 3 	3.0 	1191110400
halo 3 	4.0 	1190937600
halo 3 	3.0 	1191110400
halo 3 	3.0 	1190937600
halo 3 	4.0 	1190764800
halo 3 	3.0 	1230336000
halo 3 	3.0 	1193011200
halo 3 	5.0 	1192147200
halo 3 	5.0 	1191801600
halo 3 	3.0 	1191715200
halo 3 	5.0 	1191456000
halo 3 	3.0 	1190937600
halo 3 	4.0 	1190851200
halo 3 	4.0 	1190851200
halo 3 	3.0 	1210204800
halo 3 	5.0 	1191283200
halo 3 	5.0 	1330387200
halo 3 	5.0 	1328140800
halo 3 	1.0 	1217462400
halo 3 	1.0 	1191369600
halo 3 	5.0 	1194220800
halo 3 	5.0 	1327190400
halo 3 	5.0 	1326844800
halo 3 	4.0 	1194220800
halo 3 	5.0 	1194393600
halo 3 	4.0 	1194480000
halo 3 	3.0 	1194566400
halo 3 	4.0 	1194566400
halo 3 	4.0 	1194566400
halo 3 	5.0 	1194652800
halo 3 	5.0 	1194739200
halo 3 	4.0 	1194912000
halo 3 	4.0 	1325721600
halo 3 	4.0 	1325635200
halo 3 	5.0 	1324944000
halo 3 	5.0 	1324080000
halo 3 	5.0 	1323216000
halo 3 	5.0 	1322870400
halo 3 	5.0 	1284422400
halo 3 	4.0 	1286236800
halo 3 	5.0 	1286236800
halo 3 	5.0 	1286841600
halo 3 	5.0 	1287273600
halo 3 	3.0 	1289260800
halo 3 	5.0 	1298332800
halo 3 	4.0 	1302480000
halo 3 	5.0 	1303516800
halo 3 	4.0 	1304294400
halo 3 	5.0 	1238630400
halo 3 	5.0 	1239926400
halo 3 	5.0 	1240531200
halo 3 	5.0 	1240617600
halo 3 	5.0 	1241654400
halo 3 	4.0 	1241654400
halo 3 	5.0 	1243382400
halo 3 	4.0 	1245110400
halo 3 	4.0 	1245110400
halo 3 	5.0 	1245542400
halo 3 	5.0 	1359072000
halo 3 	5.0 	1360022400
halo 3 	5.0 	1360368000
halo 3 	5.0 	1360454400
halo 3 	5.0 	1360713600
halo 3 	5.0 	1360713600
halo 3 	5.0 	1360800000
halo 3 	5.0 	1360886400
halo 3 	5.0 	1361318400
halo 3 	4.0 	1191369600
halo 3 	5.0 	1331942400
halo 3 	5.0 	1337904000
halo 3 	5.0 	1337904000
halo 3 	5.0 	1338422400
halo 3 	5.0 	1344124800
halo 3 	5.0 	1348012800
halo 3 	4.0 	1353024000
halo 3 	5.0 	1353542400
halo 3 	5.0 	1354233600
halo 3 	5.0 	1354665600
halo 3 	5.0 	1203033600
halo 3 	5.0 	1203897600
halo 3 	5.0 	1204848000
halo 3 	5.0 	1205539200
halo 3 	5.0 	1205884800
halo 3 	5.0 	1206489600
halo 3 	5.0 	1237075200
halo 3 	4.0 	1237161600
halo 3 	5.0 	1237334400
halo 3 	5.0 	1238716800
halo 3 	5.0 	1191801600
halo 3 	5.0 	1191888000
halo 3 	5.0 	1192492800
halo 3 	5.0 	1192579200
halo 3 	4.0 	1192579200
halo 3 	5.0 	1192579200
halo 3 	4.0 	1192665600
halo 3 	5.0 	1193184000
halo 3 	5.0 	1193443200
halo 3 	4.0 	1193443200
halo 3 	5.0 	1232841600
halo 3 	5.0 	1233273600
halo 3 	4.0 	1234310400
halo 3 	3.0 	1235174400
halo 3 	5.0 	1191110400
halo 3 	5.0 	1190851200
halo 3 	5.0 	1190678400
halo 3 	4.0 	1190678400
halo 3 	5.0 	1193443200
halo 3 	5.0 	1190764800
halo 3 	5.0 	1235260800
halo 3 	5.0 	1236038400
halo 3 	5.0 	1236729600
halo 3 	4.0 	1249257600
halo 3 	2.0 	1262476800
halo 3 	5.0 	1297814400
halo 3 	5.0 	1193443200
halo 3 	5.0 	1193702400
halo 3 	3.0 	1193788800
halo 3 	2.0 	1193875200
halo 3 	3.0 	1193875200
halo 3 	5.0 	1193961600
halo 3 	4.0 	1194048000
halo 3 	5.0 	1194048000
halo 3 	4.0 	1194134400
halo 3 	5.0 	1194134400
halo 3 	4.0 	1195430400
halo 3 	5.0 	1190678400
halo 3 	5.0 	1190764800
halo 3 	4.0 	1193443200
halo 3 	4.0 	1358899200
halo 3 	4.0 	1190764800
halo 3 	3.0 	1190764800
halo 3 	5.0 	1191110400
halo 3 	2.0 	1191110400
halo 3 	2.0 	1216944000
halo 3 	3.0 	1229990400
halo 3 	2.0 	1234396800
halo 3 	4.0 	1190764800
halo 3 	5.0 	1190764800
halo 3 	5.0 	1190592000
halo 3 	3.0 	1190764800
halo 3 	5.0 	1191024000
halo 3 	4.0 	1286496000
halo 3 	4.0 	1282780800
halo 3 	4.0 	1273276800
halo 3 	5.0 	1269734400
halo 3 	5.0 	1265587200
halo 3 	5.0 	1262649600
halo 3 	5.0 	1191456000
halo 3 	2.0 	1339286400
halo 3 	2.0 	1261353600
halo 3 	4.0 	1257465600
halo 3 	5.0 	1253664000
halo 3 	5.0 	1242432000
halo 3 	3.0 	1190678400
halo 3 	2.0 	1209513600
halo 3 	3.0 	1191888000
halo 3 	3.0 	1190851200
halo 3 	5.0 	1190592000
halo 3 	2.0 	1207699200
halo 3 	5.0 	1205798400
halo 3 	3.0 	1191888000
halo 3 	5.0 	1190764800
halo 3 	5.0 	1190678400
halo 3 	5.0 	1190851200
halo 3 	5.0 	1191715200
halo 3 	5.0 	1227484800
halo 3 	2.0 	1190764800
halo 3 	5.0 	1190937600
halo 3 	2.0 	1314748800
halo 3 	5.0 	1196899200
halo 3 	5.0 	1190678400
halo 3 	4.0 	1190678400
halo 3 	5.0 	1190851200
halo 3 	5.0 	1191196800
halo 3 	5.0 	1208390400
halo 3 	5.0 	1190678400
halo 3 	3.0 	1212105600
halo 3 	5.0 	1195084800
halo 3 	3.0 	1194739200
halo 3 	5.0 	1192579200
halo 3 	5.0 	1190937600
halo 3 	5.0 	1190764800
halo 3 	3.0 	1190678400
halo 3 	2.0 	1191715200
halo 3 	5.0 	1190678400
halo 3 	5.0 	1191456000
halo 3 	3.0 	1192406400
halo 3 	5.0 	1190937600
halo 3 	5.0 	1190937600
halo 3 	3.0 	1190678400
halo 3 	5.0 	1190764800
halo 3 	2.0 	1190937600
halo 3 	5.0 	1190764800
halo 3 	1.0 	1352505600
halo 3 	5.0 	1190678400
halo 3 	5.0 	1246320000
halo 3 	5.0 	1246233600
halo 3 	5.0 	1190764800
halo 3 	5.0 	1190851200
halo 3 	5.0 	1191110400
halo 3 	5.0 	1191542400
halo 3 	4.0 	1191628800
halo 3 	4.0 	1191801600
halo 3 	5.0 	1192579200
halo 3 	5.0 	1192752000
halo 3 	5.0 	1193443200
halo 3 	5.0 	1193443200
halo 3 	5.0 	1193443200
halo 3 	5.0 	1282003200
halo 3 	3.0 	1267574400
halo 3 	5.0 	1228176000
halo 3 	5.0 	1228176000
halo 3 	5.0 	1227916800
halo 3 	4.0 	1227657600
halo 3 	4.0 	1227052800
halo 3 	5.0 	1224288000
halo 3 	5.0 	1224028800
halo 3 	4.0 	1223424000
halo 3 	5.0 	1220745600
halo 3 	5.0 	1219190400
halo 3 	5.0 	1322352000
halo 3 	5.0 	1320624000
halo 3 	5.0 	1244851200
halo 3 	5.0 	1244764800
halo 3 	3.0 	1244678400
halo 3 	5.0 	1244419200
halo 3 	4.0 	1212624000
halo 3 	4.0 	1211241600
halo 3 	5.0 	1207612800
halo 3 	5.0 	1207008000
halo 3 	4.0 	1205107200
halo 3 	5.0 	1203811200
halo 3 	5.0 	1203724800
halo 3 	5.0 	1203724800
halo 3 	5.0 	1203638400
halo 3 	5.0 	1320278400
halo 3 	5.0 	1319673600
halo 3 	5.0 	1318896000
halo 3 	5.0 	1318809600
halo 3 	4.0 	1318118400
halo 3 	5.0 	1318032000
halo 3 	4.0 	1317945600
halo 3 	5.0 	1317081600
halo 3 	5.0 	1190678400
halo 3 	2.0 	1191801600
halo 3 	2.0 	1248134400
halo 3 	2.0 	1191024000
halo 3 	3.0 	1190851200
halo 3 	3.0 	1190851200
halo 3 	5.0 	1356307200
halo 3 	5.0 	1349222400
halo 3 	5.0 	1339027200
halo 3 	5.0 	1308528000
halo 3 	5.0 	1203292800
halo 3 	5.0 	1190764800
halo 3 	5.0 	1190678400
halo 3 	5.0 	1190764800
halo 3 	5.0 	1233187200
halo 3 	5.0 	1230508800
halo 3 	4.0 	1227312000
halo 3 	5.0 	1224806400
halo 3 	5.0 	1223510400
halo 3 	5.0 	1222992000
halo 3 	5.0 	1220313600
halo 3 	5.0 	1230595200
halo 3 	5.0 	1224028800
halo 3 	5.0 	1194480000
halo 3 	2.0 	1194220800
halo 3 	5.0 	1191542400
halo 3 	3.0 	1190764800
halo 3 	2.0 	1190764800
halo 3 	5.0 	1357862400
halo 3 	2.0 	1204156800
halo 3 	3.0 	1190678400
halo 3 	4.0 	1208217600
halo 3 	5.0 	1213401600
halo 3 	5.0 	1212537600
halo 3 	5.0 	1209513600
halo 3 	4.0 	1208908800
halo 3 	5.0 	1205971200
halo 3 	5.0 	1200614400
halo 3 	2.0 	1200614400
halo 3 	4.0 	1197763200
halo 3 	5.0 	1193788800
halo 3 	4.0 	1193529600
halo 3 	5.0 	1220054400
halo 3 	4.0 	1211068800
halo 3 	4.0 	1208390400
halo 3 	5.0 	1196208000
halo 3 	5.0 	1230422400
halo 3 	5.0 	1231286400
halo 3 	4.0 	1231286400
halo 3 	4.0 	1274313600
halo 3 	3.0 	1275696000
halo 3 	5.0 	1276300800
halo 3 	5.0 	1192579200
halo 3 	3.0 	1192406400
halo 3 	5.0 	1191456000
halo 3 	5.0 	1191456000
halo 3 	5.0 	1191196800
halo 3 	4.0 	1190937600
halo 3 	5.0 	1193356800
halo 3 	5.0 	1193270400
halo 3 	4.0 	1193184000
halo 3 	5.0 	1193184000
halo 3 	5.0 	1193097600
halo 3 	5.0 	1192924800
halo 3 	5.0 	1192924800
halo 3 	5.0 	1192752000
halo 3 	4.0 	1192752000
halo 3 	3.0 	1192752000
halo 3 	5.0 	1232409600
halo 3 	5.0 	1232409600
halo 3 	5.0 	1232236800
halo 3 	5.0 	1231977600
halo 3 	5.0 	1231027200
halo 3 	5.0 	1229385600
halo 3 	5.0 	1222473600
halo 3 	3.0 	1218758400
halo 3 	4.0 	1215475200
halo 3 	5.0 	1207699200
halo 3 	5.0 	1357776000
halo 3 	5.0 	1357689600
halo 3 	5.0 	1357689600
halo 3 	5.0 	1357603200
halo 3 	5.0 	1357344000
halo 3 	5.0 	1357257600
halo 3 	4.0 	1357257600
halo 3 	5.0 	1357084800
halo 3 	5.0 	1357084800
halo 3 	2.0 	1219968000
halo 3 	3.0 	1190937600
halo 3 	5.0 	1190764800
halo 3 	3.0 	1343865600
halo 3 	5.0 	1332979200
halo 3 	5.0 	1283299200
halo 3 	4.0 	1262822400
halo 3 	4.0 	1258675200
halo 3 	4.0 	1257897600
halo 3 	2.0 	1254873600
halo 3 	4.0 	1191715200
halo 3 	4.0 	1191628800
halo 3 	4.0 	1191024000
halo 3 	3.0 	1319500800
halo 3 	5.0 	1282089600
halo 3 	2.0 	1210809600
halo 3 	3.0 	1206230400
halo 3 	5.0 	1198800000
halo 3 	5.0 	1198195200
halo 3 	5.0 	1193616000
halo 3 	5.0 	1192665600
halo 3 	5.0 	1192665600
halo 3 	5.0 	1192320000
halo 3 	4.0 	1191974400
halo 3 	5.0 	1191196800
halo 3 	4.0 	1191110400
halo 3 	4.0 	1191110400
halo 3 	4.0 	1190851200
halo 3 	4.0 	1190764800
halo 3 	3.0 	1203638400
halo 3 	4.0 	1200873600
halo 3 	5.0 	1200182400
halo 3 	5.0 	1200096000
halo 3 	2.0 	1199836800
halo 3 	5.0 	1198886400
halo 3 	5.0 	1198886400
halo 3 	5.0 	1198454400
halo 3 	5.0 	1198108800
halo 3 	3.0 	1197849600
halo 3 	5.0 	1203033600
halo 3 	4.0 	1203033600
halo 3 	4.0 	1202774400
halo 3 	3.0 	1201392000
halo 3 	5.0 	1201046400
halo 3 	3.0 	1198800000
halo 3 	5.0 	1197763200
halo 3 	5.0 	1197676800
halo 3 	4.0 	1197417600
halo 3 	3.0 	1197417600
halo 3 	5.0 	1268006400
halo 3 	2.0 	1264982400
halo 3 	5.0 	1264204800
halo 3 	5.0 	1263686400
halo 3 	4.0 	1356998400
halo 3 	4.0 	1354665600
halo 3 	5.0 	1353974400
halo 3 	3.0 	1353196800
halo 3 	5.0 	1352073600
halo 3 	5.0 	1338768000
halo 3 	5.0 	1296432000
halo 3 	4.0 	1273017600
halo 3 	5.0 	1272931200
halo 3 	4.0 	1271894400
halo 3 	5.0 	1356566400
halo 3 	5.0 	1356220800
halo 3 	5.0 	1356048000
halo 3 	4.0 	1355529600
halo 3 	5.0 	1355529600
halo 3 	5.0 	1355529600
halo 3 	5.0 	1355356800
halo 3 	5.0 	1355356800
halo 3 	5.0 	1355270400
halo 3 	5.0 	1354838400
halo 3 	3.0 	1230249600
halo 3 	4.0 	1218585600
halo 3 	5.0 	1215475200
halo 3 	2.0 	1215388800
halo 3 	2.0 	1212537600
halo 3 	2.0 	1212537600
halo 3 	5.0 	1201737600
halo 3 	2.0 	1200009600
halo 3 	3.0 	1191542400
halo 3 	4.0 	1191542400
halo 3 	4.0 	1191283200
halo 3 	4.0 	1191196800
halo 3 	5.0 	1190678400
halo 3 	3.0 	1220140800
halo 3 	5.0 	1194566400
halo 3 	3.0 	1192752000
halo 3 	5.0 	1191974400
halo 3 	4.0 	1191801600
halo 3 	4.0 	1191196800
halo 3 	5.0 	1190764800
halo 3 	5.0 	1201737600
halo 3 	5.0 	1201564800
halo 3 	5.0 	1201478400
halo 3 	4.0 	1199750400
halo 3 	4.0 	1196380800
halo 3 	4.0 	1193616000
halo 3 	5.0 	1192838400
halo 3 	4.0 	1192579200
halo 3 	5.0 	1192406400
halo 3 	4.0 	1191801600
halo 3 	4.0 	1238371200
halo 3 	4.0 	1238112000
halo 3 	4.0 	1238025600
halo 3 	5.0 	1237680000
halo 3 	5.0 	1228521600
halo 3 	5.0 	1226880000
halo 3 	4.0 	1204329600
halo 3 	5.0 	1204070400
halo 3 	5.0 	1203897600
halo 3 	5.0 	1262217600
halo 3 	4.0 	1261353600
halo 3 	4.0 	1259280000
halo 3 	5.0 	1257724800
halo 3 	4.0 	1257292800
halo 3 	5.0 	1257206400
halo 3 	4.0 	1203033600
halo 3 	5.0 	1282780800
halo 3 	5.0 	1282176000
halo 3 	5.0 	1239321600
halo 3 	4.0 	1236470400
halo 3 	5.0 	1281744000
halo 3 	5.0 	1280620800
halo 3 	4.0 	1235865600
halo 3 	3.0 	1234051200
halo 3 	4.0 	1233446400
halo 3 	5.0 	1233100800
halo 3 	4.0 	1232236800
halo 3 	4.0 	1231891200
halo 3 	5.0 	1231718400
halo 3 	4.0 	1231286400
halo 3 	4.0 	1203206400
halo 3 	5.0 	1203206400
halo 3 	4.0 	1203206400
halo 3 	5.0 	1200873600
halo 3 	5.0 	1200787200
halo 3 	5.0 	1200614400
halo 3 	5.0 	1200441600
halo 3 	5.0 	1200441600
halo 3 	5.0 	1200096000
halo 3 	5.0 	1199923200
halo 3 	5.0 	1190851200
halo 3 	1.0 	1332115200
halo 3 	1.0 	1263772800
halo 3 	1.0 	1191283200
halo 3 	1.0 	1190678400
halo 3 	1.0 	1287619200
halo 3 	1.0 	1190764800
halo 3 	1.0 	1190764800
halo 3 	1.0 	1190764800
halo 3 	1.0 	1190678400
halo 3 	3.0 	1190937600
halo 3 	5.0 	1190851200
halo 3 	2.0 	1308268800
halo 3 	5.0 	1191024000
halo 3 	2.0 	1190678400
halo 3 	5.0 	1190851200
halo 3 	5.0 	1197763200
halo 3 	3.0 	1190678400
halo 3 	3.0 	1190678400
halo 3 	2.0 	1190764800
halo 3 	5.0 	1280188800
halo 3 	4.0 	1279411200
halo 3 	4.0 	1278892800
halo 3 	4.0 	1192579200
